 -0.0017821803 -0.00025279176  3.4007169e-05 -0.00025279176   0.0051801895  0.00077792989  3.4007169e-05  0.00077792989  -0.0013242338
 -0.0014337625  0.00013662582  1.2324318e-05  0.00013662582   0.0050200868  0.00021201974  1.2324318e-05  0.00021201974  -0.0014372723
  -0.001334465  0.00023932492  0.00020632969  0.00023932492   0.0041784922  0.00054500192  0.00020632969  0.00054500192  -0.0012365533
  -0.002014547  0.00083758879 -0.00016054727  0.00083758879   0.0052281809   0.0003563409 -0.00016054727   0.0003563409  -0.0013570291
  -0.001693603  0.00091962394  0.00022542392  0.00091962394   0.0045337218  0.00024123869  0.00022542392  0.00024123869  -0.0011700909
-0.00055592248 -0.00023265398  0.00025225891 -0.00023265398   0.0034727999  0.00029408782  0.00025225891  0.00029408782  -0.0013712996
 -0.0014579752 -0.00025122953 -8.7460619e-05 -0.00025122953   0.0038460646   0.0011014781 -8.7460619e-05   0.0011014781 -0.00021009561
-0.00086887198 -0.00054614262 -9.6229648e-05 -0.00054614262   0.0035650142  0.00049637084 -9.6229648e-05  0.00049637084 -0.00075164711
 -0.0011416327 -0.00032296819  0.00012797835 -0.00032296819   0.0040249137  0.00051231391  0.00012797835  0.00051231391  -0.0010373894
-0.00075811208  0.00019277818 -6.6461717e-05  0.00019277818   0.0038819197  0.00060867222 -6.6461717e-05  0.00060867222  -0.0012240269
 -0.0015497047  0.00064328157 -7.9580628e-05  0.00064328157   0.0045848967  0.00054009153 -7.9580628e-05  0.00054009153  -0.0012157242
-0.00015761366 -0.00067517549  0.00021963546 -0.00067517549   0.0032959068 -0.00056667786  0.00021963546 -0.00056667786 -0.00079677219
-0.00031114383 -0.00067293873   0.0002596278 -0.00067293873   0.0031785204 -0.00075013505   0.0002596278 -0.00075013505 -0.00070446414
  -0.000970239 -0.00071977417 -0.00012201564 -0.00071977417   0.0035111464  -0.0007473296 -0.00012201564  -0.0007473296 -0.00092284114
 -0.0013935132 -0.00031327671 -0.00016883446 -0.00031327671   0.0047277725  8.7195552e-05 -0.00016883446  8.7195552e-05   -0.001369276
 -0.0013780891 -0.00034616983  -5.218198e-05 -0.00034616983   0.0048902654  -0.0001081413  -5.218198e-05  -0.0001081413   -0.001414421
 -0.0006620478  0.00042214032  0.00026784906  0.00042214032   0.0031523979  0.00050068338  0.00026784906  0.00050068338 -0.00049972243
-0.00088813076   0.0003865267  0.00025833721   0.0003865267   0.0032661883  0.00041756859  0.00025833721  0.00041756859  -0.0003368396
-0.00068906907  0.00071656554 -7.1487344e-05  0.00071656554   0.0030258392   0.0004650431 -7.1487344e-05   0.0004650431 -0.00054136515
  -0.001115713  0.00062103542 -0.00032960263  0.00062103542   0.0041136404  0.00016263697 -0.00032960263  0.00016263697 -0.00092005808
-0.00087360332  0.00038682832 -0.00010456233  0.00038682832   0.0037447883  7.2218273e-05 -0.00010456233  7.2218273e-05   -0.001024037
 -0.0014597865  0.00041725254  -0.0002723528  0.00041725254   0.0039973129 -0.00010355259  -0.0002723528 -0.00010355259 -0.00085870482
 -0.0012646769  0.00053354319   -0.000119862  0.00053354319   0.0042619836 -9.9161831e-05   -0.000119862 -9.9161831e-05   -0.001159953
 -0.0013907426  0.00055365217 -0.00010498795  0.00055365217   0.0045473922  0.00036854527 -0.00010498795  0.00036854527   -0.001291439
 -0.0012457329   0.0010362906  7.2575672e-05   0.0010362906   0.0054195413  0.00089981736  7.2575672e-05  0.00089981736  -0.0014849554
 -0.0013915525   0.0010105856  0.00012927458   0.0010105856   0.0042650519  0.00054345921  0.00012927458  0.00054345921 -0.00063960851
 -0.0015795318  0.00073638006  4.1447228e-05  0.00073638006     0.00464794  0.00048790669  4.1447228e-05  0.00048790669 -0.00089237112
 -0.0016410078  1.6752304e-05  0.00026742036  1.6752304e-05   0.0053204465  0.00052947617  0.00026742036  0.00052947617  -0.0016671709
 -0.0014508749  0.00015613424   0.0001027457  0.00015613424   0.0047261273  0.00014248199   0.0001027457  0.00014248199  -0.0015385878
 -0.0019018938 -1.0304996e-05 -2.7273994e-05 -1.0304996e-05    0.005157812  0.00055888341 -2.7273994e-05  0.00055888341  -0.0014703425
  -0.001636627  0.00013567522 -0.00014700719  0.00013567522   0.0050264337  0.00049146003 -0.00014700719  0.00049146003  -0.0015227821
  -0.001073866  0.00039397281  0.00010047163  0.00039397281    0.004239379 -0.00011094383  0.00010047163 -0.00011094383  -0.0013214859
 -0.0013253292  0.00040961881  4.1713959e-05  0.00040961881   0.0045804222  -0.0002438507  4.1713959e-05  -0.0002438507  -0.0011222539
-0.00093149806  0.00066261253  7.9815956e-07  0.00066261253   0.0044286716 -0.00026151015  7.9815956e-07 -0.00026151015  -0.0013086787
-0.00089851511  0.00068984925 -0.00016570301  0.00068984925   0.0039888944 -0.00029424061 -0.00016570301 -0.00029424061  -0.0011709925
 -0.0014296372 -0.00039509271 -2.7005729e-05 -0.00039509271    0.004984988 -0.00012275296 -2.7005729e-05 -0.00012275296   -0.001613976
 -0.0014893638 -0.00047407559 -6.4573099e-05 -0.00047407559    0.005450627  0.00018977303 -6.4573099e-05  0.00018977303  -0.0017314267
 -0.0012206437  -0.0004442085 -6.4881308e-05  -0.0004442085   0.0044584208  7.2310433e-05 -6.4881308e-05  7.2310433e-05  -0.0011028609
 -0.0014737068 -0.00025530502  -0.0003403203 -0.00025530502   0.0044470712   0.0002773968  -0.0003403203   0.0002773968  -0.0011847716
 -0.0015154735  2.9417667e-05   7.418292e-05  2.9417667e-05   0.0048918962  9.0714942e-05   7.418292e-05  9.0714942e-05  -0.0012786982
 -0.0016554239 -0.00063064888  0.00025572058 -0.00063064888   0.0050661061 -0.00028593164  0.00025572058 -0.00028593164  -0.0011639665
 -0.0013373481  0.00058903835  2.5087916e-05  0.00058903835   0.0046570166  4.5791203e-05  2.5087916e-05  4.5791203e-05  -0.0013637187
 -0.0015910689  0.00073910467   2.701836e-05  0.00073910467    0.004898476  0.00011844374   2.701836e-05  0.00011844374  -0.0014309993
  -0.001271166  0.00033593261  8.4285311e-05  0.00033593261   0.0044426971 -0.00049105499  8.4285311e-05 -0.00049105499  -0.0012614204
 -0.0014920706 -0.00055722317  4.8952041e-05 -0.00055722317    0.004789856 -0.00065030865  4.8952041e-05 -0.00065030865  -0.0011866037
 -0.0012478592 -0.00032809132  2.9606896e-05 -0.00032809132   0.0050264145 -5.9089549e-05  2.9606896e-05 -5.9089549e-05   -0.001781736
 -0.0017948749 -0.00024684656  1.9843701e-05 -0.00024684656   0.0052510542  0.00041380439  1.9843701e-05  0.00041380439  -0.0017208172
 -0.0016670699 -0.00028452877 -2.1001422e-05 -0.00028452877   0.0053565018  -0.0001982002 -2.1001422e-05  -0.0001982002  -0.0015162099
 -0.0015274212  0.00032724218  0.00022470885  0.00032724218   0.0049666929  0.00021486451  0.00022470885  0.00021486451  -0.0016422858
 -0.0015303887  0.00013369623   0.0001090061  0.00013369623   0.0044152872 -4.3145233e-05   0.0001090061 -4.3145233e-05  -0.0011995983
-0.00054246695 -0.00073000162 -3.3559895e-05 -0.00073000162   0.0038494035  0.00033474455 -3.3559895e-05  0.00033474455  -0.0011428932
 -0.0010592078  4.4691882e-05   0.0003200138  4.4691882e-05   0.0032578154  0.00067726532   0.0003200138  0.00067726532 -0.00045892264
 -0.0015907858  0.00048162513  3.1623549e-05  0.00048162513   0.0048648259  0.00036481982  3.1623549e-05  0.00036481982  -0.0011674715
 -0.0014436633  0.00068307217 -8.0707049e-05  0.00068307217   0.0052274224  0.00024795268 -8.0707049e-05  0.00024795268  -0.0016378565
 -0.0013843425  0.00054220165  0.00019497578  0.00054220165   0.0045197083  0.00013127652  0.00019497578  0.00013127652  -0.0011659215
 -0.0010364777  0.00085868273  0.00023291088  0.00085868273   0.0050119052  0.00015474024  0.00023291088  0.00015474024  -0.0014949251
 -0.0014366513  0.00073007239  0.00012487137  0.00073007239   0.0045140499  -1.451471e-05  0.00012487137  -1.451471e-05  -0.0010829698
  -0.001439783  0.00052924178    1.94806e-05  0.00052924178   0.0046589566 -6.4000449e-05    1.94806e-05 -6.4000449e-05   -0.001099704
 -0.0010177113 -3.6047228e-05   0.0001908973 -3.6047228e-05   0.0045500943 -0.00040303322   0.0001908973 -0.00040303322  -0.0014591563
 -0.0016239488  0.00059748098  0.00016129058  0.00059748098   0.0050512287  3.4361483e-05  0.00016129058  3.4361483e-05  -0.0016352798
 -0.0015092683  0.00058253628  -4.078392e-05  0.00058253628   0.0047063374 -0.00012192941  -4.078392e-05 -0.00012192941  -0.0014750554
 -0.0012987169   0.0001336271  0.00015712057   0.0001336271   0.0038406141 -0.00045908938  0.00015712057 -0.00045908938 -0.00099581842
 -0.0011201598    0.000313647 -0.00012553404    0.000313647   0.0041932653 -0.00045075542 -0.00012553404 -0.00045075542  -0.0010967473
 -0.0012943947  0.00077701385  9.1945725e-05  0.00077701385   0.0039436048 -0.00025672577  9.1945725e-05 -0.00025672577 -0.00062211128
  -0.001706086  0.00058722383 -0.00010693626  0.00058722383   0.0044641141 -0.00025804635 -0.00010693626 -0.00025804635   -0.001018803
 -0.0014024488 -0.00018016037  0.00012838818 -0.00018016037   0.0047256393 -0.00049751488  0.00012838818 -0.00049751488  -0.0014623631
 -0.0013557738  0.00078074946  0.00018552648  0.00078074946   0.0051264817  0.00028438344  0.00018552648  0.00028438344  -0.0015255667
 -0.0018198061   0.0006133489  6.8578871e-05   0.0006133489   0.0054422921 -8.9486799e-05  6.8578871e-05 -8.9486799e-05  -0.0014858391
 -0.0014558024  0.00077571584  0.00024571944  0.00077571584   0.0045457823  2.6894627e-05  0.00024571944  2.6894627e-05  -0.0011784597
 -0.0017680433  0.00084374776 -1.7435002e-06  0.00084374776    0.004940542 -8.7671181e-05 -1.7435002e-06 -8.7671181e-05  -0.0013990624
 -0.0015253294  0.00064401784  0.00026647099  0.00064401784   0.0047253591 -0.00014641125  0.00026647099 -0.00014641125  -0.0014381683
 -0.0019947535  0.00023756987  0.00030444528  0.00023756987   0.0045937603 -0.00058040336  0.00030444528 -0.00058040336  -0.0012228991
 -0.0013835075   0.0003901937  0.00010898823   0.0003901937   0.0048004728 -0.00033104399  0.00010898823 -0.00033104399  -0.0012803266
 -0.0020260267  0.00035567149  9.6322911e-05  0.00035567149     0.00502665  0.00050667598  9.6322911e-05  0.00050667598  -0.0010784864
 -0.0014223267 -0.00033351818  6.9644493e-06 -0.00033351818   0.0052752641  4.7725058e-05  6.9644493e-06  4.7725058e-05  -0.0016086498
 -0.0016958972  8.9472776e-05  0.00012130558  8.9472776e-05   0.0048165846  1.9202201e-05  0.00012130558  1.9202201e-05  -0.0013117424
 -0.0015848239  0.00044290493  -3.718445e-05  0.00044290493    0.005644597  0.00027866704  -3.718445e-05  0.00027866704  -0.0018113012
 -0.0016130675 -0.00043943438  6.8186632e-05 -0.00043943438   0.0046171001 -0.00015765174  6.8186632e-05 -0.00015765174  -0.0013495971
 -0.0015236732  0.00018840233  -0.0002508091  0.00018840233   0.0049758099 -5.4645972e-05  -0.0002508091 -5.4645972e-05  -0.0014716482
 -0.0012475571 -0.00044018452  8.8731553e-05 -0.00044018452   0.0053136793 -0.00014917186  8.8731553e-05 -0.00014917186  -0.0017993807
 -0.0010623464  0.00055351262  0.00028169002  0.00055351262   0.0045880316 -0.00017382978  0.00028169002 -0.00017382978  -0.0014169337
 -0.0013112539 -0.00046391296  0.00028247488 -0.00046391296   0.0046484321  -0.0002632449  0.00028247488  -0.0002632449  -0.0014155795
 -0.0014299982 -0.00033590275  0.00026291682 -0.00033590275   0.0046771438 -0.00042792779  0.00026291682 -0.00042792779    -0.00126683
  -0.001913572  4.0175979e-05  0.00017537941  4.0175979e-05   0.0053834566  0.00036386068  0.00017537941  0.00036386068  -0.0014166881
  -0.001688086 -9.7900095e-06  8.8643344e-05 -9.7900095e-06   0.0052153541  0.00017165953  8.8643344e-05  0.00017165953  -0.0017015262
  -0.001932702  0.00026272189 -1.1249477e-05  0.00026272189   0.0049940954   0.0005806949 -1.1249477e-05   0.0005806949  -0.0010346292
 -0.0015476069  5.1630046e-05  0.00020435855  5.1630046e-05   0.0049650055  6.0102094e-06  0.00020435855  6.0102094e-06  -0.0014149831
 -0.0011579141  1.2053375e-05  8.9551797e-05  1.2053375e-05    0.004756499 -0.00018343715  8.9551797e-05 -0.00018343715  -0.0014988736
 -0.0018087453  0.00023611168  1.6537559e-05  0.00023611168   0.0052723132 -9.1702415e-05  1.6537559e-05 -9.1702415e-05  -0.0015008645
 -0.0016107856  0.00029374907  8.1576986e-05  0.00029374907   0.0049878334  0.00020535876  8.1576986e-05  0.00020535876  -0.0012587137
  -0.001853163  0.00024199543 -2.1228412e-05  0.00024199543   0.0052078437  0.00034628697 -2.1228412e-05  0.00034628697   -0.001412296
 -0.0015668297  0.00042780913  3.5762329e-05  0.00042780913    0.004561409 -0.00034303314  3.5762329e-05 -0.00034303314  -0.0012586801
 -0.0013976207  0.00045635862 -7.5538278e-05  0.00045635862   0.0044971139   0.0001108833 -7.5538278e-05   0.0001108833  -0.0012690581
 -0.0015727007  0.00022313327  8.8961761e-05  0.00022313327   0.0049150265  1.1123066e-05  8.8961761e-05  1.1123066e-05  -0.0014284485
 -0.0018595745  0.00040705928  8.3139031e-05  0.00040705928   0.0051413414  0.00035142782  8.3139031e-05  0.00035142782   -0.001296711
 -0.0013199474   -0.001276561   -1.70399e-05   -0.001276561   0.0051214397 -5.6603581e-05   -1.70399e-05 -5.6603581e-05  -0.0016120079
 -0.0017010331 -0.00049875444 -6.3187643e-05 -0.00049875444   0.0050504537  0.00028161127 -6.3187643e-05  0.00028161127  -0.0015398829
 -0.0010006656  0.00040300295 -0.00030834476  0.00040300295   0.0039426577  4.5630699e-05 -0.00030834476  4.5630699e-05  -0.0008104085
-0.00096251265  9.5846581e-05 -0.00011822006  9.5846581e-05   0.0042571208  0.00060198867 -0.00011822006  0.00060198867  -0.0012241088
 -0.0014052913  0.00048239404 -0.00034746474  0.00048239404    0.004366484   0.0005275029 -0.00034746474   0.0005275029  -0.0013073769
 -0.0013032959  0.00070782247  5.9708926e-05  0.00070782247   0.0045544787  0.00070483589  5.9708926e-05  0.00070483589   -0.001317272
-0.00075448652  0.00065048245  6.1603431e-06  0.00065048245   0.0031716731 -0.00014167818  6.1603431e-06 -0.00014167818 -0.00029519049
-0.00041152177  0.00045087207  2.5642139e-05  0.00045087207   0.0030334517  -0.0001643943  2.5642139e-05  -0.0001643943 -0.00069323754
-0.00082436321  0.00050792199  2.4369157e-05  0.00050792199   0.0034329726 -0.00013980112  2.4369157e-05 -0.00013980112 -0.00055747018
-0.00065811327  0.00061983959 -0.00019924775  0.00061983959   0.0033549965  -0.0004718974 -0.00019924775  -0.0004718974 -0.00077567718
-0.00081263119  0.00076891114 -0.00010581998  0.00076891114   0.0036239835 -0.00066832193 -0.00010581998 -0.00066832193 -0.00088359218
-0.00057378124   0.0005808341 -0.00029413918   0.0005808341   0.0037158085 -0.00042263208 -0.00029413918 -0.00042263208 -0.00087769512
 -0.0005734709   0.0007858341 -0.00012027549   0.0007858341   0.0040094739 -0.00025535061 -0.00012027549 -0.00025535061  -0.0013574399
-0.00059456172   0.0005006273 -9.4501213e-05   0.0005006273   0.0034138402 -0.00045342018 -9.4501213e-05 -0.00045342018 -0.00092797702
-0.00087919901  1.2365001e-06  0.00041408008  1.2365001e-06   0.0027136708  0.00041978268  0.00041408008  0.00041978268 -0.00043360994
 -0.0002274256  7.8828554e-05  2.4929824e-05  7.8828554e-05   0.0030873153  0.00064269598  2.4929824e-05  0.00064269598 -0.00063070244
-0.00069718541  0.00049835917 -0.00010261696  0.00049835917   0.0031130934  0.00058385396 -0.00010261696  0.00058385396 -0.00067068357
-0.00082403465 -6.5467667e-05 -0.00020166633 -6.5467667e-05    0.003170497  0.00065423611 -0.00020166633  0.00065423611 -0.00066039638
 -0.0004365963  0.00068867867  0.00022743902  0.00068867867   0.0031569176  0.00058775421  0.00022743902  0.00058775421 -0.00081611918
-0.00073438214  1.9545452e-05  0.00013561084  1.9545452e-05   0.0034437689  0.00055555251  0.00013561084  0.00055555251 -0.00086203167
-0.00052662925  0.00045510344 -8.8446714e-05  0.00045510344    0.003067691  0.00046828218 -8.8446714e-05  0.00046828218 -0.00059046109
-0.00079924084  0.00055083152  6.0827009e-05  0.00055083152   0.0034375486  0.00057148891  6.0827009e-05  0.00057148891 -0.00069188386
-0.00096038489  0.00029977382 -0.00014024699  0.00029977382   0.0032184872  0.00058122353 -0.00014024699  0.00058122353 -0.00061094171
-0.00065924771  0.00040537413   0.0001704944  0.00040537413   0.0031395025  0.00058773564   0.0001704944  0.00058773564  -0.0008870323
-0.00061432439   0.0004409145  9.2465311e-05   0.0004409145   0.0035368062  0.00044982739  9.2465311e-05  0.00044982739  -0.0010292434
-0.00090532335  0.00050682637 -7.2251135e-05  0.00050682637   0.0036122453   0.0004574147 -7.2251135e-05   0.0004574147 -0.00062874401
-0.00073854394  0.00061239045  0.00018286566  0.00061239045   0.0034092953  0.00062887525  0.00018286566  0.00062887525 -0.00069074444
 -0.0013368271  0.00053627831    8.38606e-06  0.00053627831   0.0043307907   0.0002283273    8.38606e-06   0.0002283273  -0.0010931551
 -0.0016327716  0.00054049417  0.00020227335  0.00054049417   0.0042447066  0.00033141412  0.00020227335  0.00033141412  -0.0011361711
 -0.0016340622   0.0012598392  -5.962833e-05   0.0012598392   0.0046098211  0.00020109473  -5.962833e-05  0.00020109473  -0.0012703763
 -0.0014565105  0.00081622734 -0.00016796883  0.00081622734   0.0040028115  0.00036607472 -0.00016796883  0.00036607472  -0.0010305065
 -0.0014929254  0.00039499342 -6.7731843e-06  0.00039499342    0.004545152 -0.00047550085 -6.7731843e-06 -0.00047550085  -0.0012724185
 -0.0016003368  0.00023678633 -7.7181583e-05  0.00023678633   0.0043183187 -0.00014062577 -7.7181583e-05 -0.00014062577  -0.0010318401
 -0.0017305441  0.00053170925 -0.00015198723  0.00053170925     0.00483398  0.00015007968 -0.00015198723  0.00015007968   -0.001363566
 -0.0016598007  0.00014181956 -0.00016731934  0.00014181956   0.0051234423  0.00057211301 -0.00016731934  0.00057211301   -0.001423422
 -0.0015450399 -0.00031844044  5.6227426e-05 -0.00031844044   0.0052516645 -8.6414413e-05  5.6227426e-05 -8.6414413e-05  -0.0015579375
 -0.0019154371  0.00018347764  6.4855439e-05  0.00018347764   0.0052825232  3.0183174e-06  6.4855439e-05  3.0183174e-06  -0.0014408252
 -0.0014251407  0.00012800869  0.00018227027  0.00012800869   0.0048025996  -0.0001438375  0.00018227027  -0.0001438375  -0.0013324164
-0.00081483596  0.00029268652  1.5379271e-05  0.00029268652   0.0030746177  6.1495366e-05  1.5379271e-05  6.1495366e-05 -0.00027602431
-0.00029608278 -1.3538165e-05 -4.6308077e-05 -1.3538165e-05   0.0027843169 -5.7091161e-05 -4.6308077e-05 -5.7091161e-05 -0.00066606701
-0.00051506798    -0.00033927  4.8421937e-05    -0.00033927   0.0027885567  0.00013584725  4.8421937e-05  0.00013584725 -0.00038032054
-0.00054920196 -0.00034402225  2.5241985e-05 -0.00034402225   0.0029003695   0.0002499319  2.5241985e-05   0.0002499319 -0.00056775347
-0.00049869534  0.00057419696  0.00017279391  0.00057419696   0.0030331732  0.00049691405  0.00017279391  0.00049691405 -0.00050541467
-0.00018319628 -0.00050750151   0.0001600716 -0.00050750151   0.0026390239 -0.00031478953   0.0001600716 -0.00031478953 -0.00073860852
-0.00050947755  -0.0004326794  0.00020836045  -0.0004326794   0.0030638511   5.757119e-05  0.00020836045   5.757119e-05 -0.00055975245
-0.00062308021 -0.00052201513 -2.2722916e-05 -0.00052201513   0.0032091955  -0.0001877458 -2.2722916e-05  -0.0001877458 -0.00073580851
-0.00053886871  8.1636892e-05 -0.00014770084  8.1636892e-05   0.0031514185  8.7865377e-05 -0.00014770084  8.7865377e-05 -0.00075619007
-0.00052989257 -0.00030186921 -0.00014034255 -0.00030186921   0.0033644234  0.00036427889 -0.00014034255  0.00036427889 -0.00086152953
-0.00065701379  5.1641351e-05  0.00011784002  5.1641351e-05    0.003140839  0.00048605453  0.00011784002  0.00048605453  -0.0004954212
-0.00028323682  -0.0004859204 -5.6712773e-05  -0.0004859204   0.0028785109 -0.00023037871 -5.6712773e-05 -0.00023037871 -0.00065761872
 -0.0007427807  0.00021424963  0.00026047375  0.00021424963   0.0029166465  0.00053668069  0.00026047375  0.00053668069 -0.00062841965
-0.00086385123   0.0004712787 -0.00017309004   0.0004712787   0.0033623694   0.0002723082 -0.00017309004   0.0002723082 -0.00091497876
 -0.0004573676 -0.00028682691 -0.00015876009 -0.00028682691    0.002697986  3.9474569e-05 -0.00015876009  3.9474569e-05 -0.00050951254
-0.00027308906 -6.1594803e-05 -0.00014717049 -6.1594803e-05   0.0027422587 -0.00077975553 -0.00014717049 -0.00077975553 -0.00047889997
-0.00014133401  0.00020564301 -3.0588595e-06  0.00020564301   0.0025899472 -0.00035661587 -3.0588595e-06 -0.00035661587 -0.00063467756
-0.00018271926 -9.2892887e-05 -2.2996827e-05 -9.2892887e-05   0.0028049225 -0.00017608105 -2.2996827e-05 -0.00017608105  -0.0007807333
-0.00043308827 -5.5004722e-06 -9.5256837e-05 -5.5004722e-06   0.0032327728 -0.00030529441 -9.5256837e-05 -0.00030529441 -0.00091526852
-0.00046820064 -0.00041829204 -0.00032742548 -0.00041829204   0.0032445507  3.3627137e-05 -0.00032742548  3.3627137e-05 -0.00076316728
 -0.0010558542 -0.00047805641 -1.2893181e-05 -0.00047805641   0.0042226507 -0.00045102117 -1.2893181e-05 -0.00045102117  -0.0010148718
 -0.0014843392 -0.00065933854 -0.00015385379 -0.00065933854   0.0047623261 -0.00038324581 -0.00015385379 -0.00038324581  -0.0010859827
-0.00088033471 -0.00013082009   -0.000157715 -0.00013082009   0.0038885677 -0.00040652318   -0.000157715 -0.00040652318 -0.00097817826
-0.00098225793  -0.0008312647 -4.6249266e-05  -0.0008312647    0.003980629 -0.00034023997 -4.6249266e-05 -0.00034023997  -0.0011946721
 -0.0011767696 -0.00046881794 -0.00024088047 -0.00046881794   0.0042433981 -0.00037120382 -0.00024088047 -0.00037120382  -0.0011817293
 -0.0011376599  -0.0005684194 -0.00014884527  -0.0005684194   0.0047022298 -0.00010815324 -0.00014884527 -0.00010815324  -0.0013709027
 -0.0013649018 -0.00090586203  0.00019029614 -0.00090586203   0.0043429333 -0.00028861288  0.00019029614 -0.00028861288  -0.0011320175
 -0.0015549477 -8.6490136e-05 -4.3638421e-05 -8.6490136e-05   0.0050012849  0.00026806197 -4.3638421e-05  0.00026806197  -0.0016183949
 -0.0016727829  0.00020106265 -5.7372461e-05  0.00020106265    0.005181831  0.00055888004 -5.7372461e-05  0.00055888004  -0.0013301628
 -0.0018320889  0.00022794316  2.8621411e-05  0.00022794316   0.0055620473   0.0003129775  2.8621411e-05   0.0003129775  -0.0013459933
 -0.0016974578   0.0004937828  5.6641695e-05   0.0004937828    0.004715574 -0.00033283513  5.6641695e-05 -0.00033283513 -0.00094829132
 -0.0018707089  -7.235144e-05  0.00035701962  -7.235144e-05   0.0047320387   3.557295e-05  0.00035701962   3.557295e-05  -0.0012844275
-0.00090614573  0.00031339795  1.0505285e-05  0.00031339795   0.0038898753 -0.00012012989  1.0505285e-05 -0.00012012989  -0.0009140426
-0.00099954007   0.0010643654 -0.00021263375   0.0010643654   0.0035153517  0.00020199789 -0.00021263375  0.00020199789 -0.00035955141
 -0.0008655475  0.00046872679 -0.00011888445  0.00046872679   0.0035915748  2.0949826e-05 -0.00011888445  2.0949826e-05 -0.00096947048
 -0.0012274929   0.0011687582  0.00014045976   0.0011687582    0.003936174 -9.3765339e-05  0.00014045976 -9.3765339e-05  -0.0010036254
-0.00067879023  0.00091601401 -0.00036213564  0.00091601401   0.0040639409 -8.0451734e-06 -0.00036213564 -8.0451734e-06  -0.0011790688
 -0.0006953955  0.00092547425 -0.00018623388  0.00092547425   0.0034748969 -0.00022238719 -0.00018623388 -0.00022238719 -0.00081129388
 -0.0009119836   0.0008511475  0.00014115081   0.0008511475   0.0037208614 -0.00061596228  0.00014115081 -0.00061596228 -0.00088066131
  -0.001131806  0.00032587977  0.00012315648  0.00032587977   0.0036518918 -0.00017135888  0.00012315648 -0.00017135888 -0.00062065433
-0.00074430976  0.00050519409  2.3982328e-05  0.00050519409   0.0030829519 -0.00068488058  2.3982328e-05 -0.00068488058 -0.00060581832
 -0.0011787933  0.00066576479 -0.00019962685  0.00066576479   0.0039944729 -0.00021832928 -0.00019962685 -0.00021832928 -0.00050533529
-0.00079820964  0.00051959075  -0.0002705386  0.00051959075   0.0036189943 -0.00028964323  -0.0002705386 -0.00028964323 -0.00078995826
 -0.0010140778   0.0010972311  3.4688343e-06   0.0010972311   0.0043467976  0.00011893504  3.4688343e-06  0.00011893504  -0.0014066085
 -0.0016131212   0.0008680614 -0.00021441333   0.0008680614   0.0044345954  0.00022667336 -0.00021441333  0.00022667336  -0.0011771746
 -0.0013609486   0.0002624754   -0.000110193   0.0002624754   0.0051176069  0.00022798601   -0.000110193  0.00022798601  -0.0012504604
 -0.0012886521  0.00077985087  -2.529149e-05  0.00077985087   0.0041722738  0.00035368042  -2.529149e-05  0.00035368042 -0.00098020753
 -0.0013196054  0.00070545041 -0.00010065163  0.00070545041   0.0044108128  0.00038657744 -0.00010065163  0.00038657744   -0.001062478
-0.00090787648  0.00075692819 -1.5357846e-05  0.00075692819    0.004750535  0.00046095077 -1.5357846e-05  0.00046095077  -0.0017009436
 -0.0010540701  0.00082798194  -0.0001313498  0.00082798194    0.003829634  0.00012993418  -0.0001313498  0.00012993418 -0.00089838185
-0.00095495801  0.00056908097 -0.00016213545  0.00056908097   0.0042463102  1.4983866e-05 -0.00016213545  1.4983866e-05  -0.0012672506
-0.00094218267  0.00075469834  -0.0001980762  0.00075469834   0.0037783796  8.9523222e-05  -0.0001980762  8.9523222e-05  -0.0010735615
 -0.0014135769  0.00082300601 -0.00015671419  0.00082300601   0.0048905953  0.00037894645 -0.00015671419  0.00037894645  -0.0014241096
-0.00090783217   0.0011206921 -0.00011951577   0.0011206921   0.0031740798  0.00011036767 -0.00011951577  0.00011036767 -0.00080364484
 -0.0011757699  0.00090373159 -3.9550229e-05  0.00090373159   0.0042724834  0.00066661582 -3.9550229e-05  0.00066661582  -0.0012045808
-0.00095522557 -7.7149733e-05 -0.00015281667 -7.7149733e-05   0.0035241404  0.00014579094 -0.00015281667  0.00014579094 -0.00068225501
-0.00068570212  0.00048108375  0.00010336981  0.00048108375   0.0032866672  0.00017041072  0.00010336981  0.00017041072  -0.0006981727
-0.00083396349  0.00016422121 -7.6152411e-06  0.00016422121   0.0029596724   0.0001936678 -7.6152411e-06   0.0001936678 -0.00054320686
-0.00056896729  0.00029494728 -2.9166176e-05  0.00029494728   0.0026941971  0.00013607223 -2.9166176e-05  0.00013607223 -0.00040981954
-0.00096272332  0.00025454546  0.00030054651  0.00025454546   0.0033040237  0.00051677908  0.00030054651  0.00051677908 -0.00039373078
-0.00079206889  0.00060050986  -5.109526e-05  0.00060050986   0.0038612651 -0.00034084211  -5.109526e-05 -0.00034084211  -0.0010730705
-0.00042125213  0.00086657075  0.00015859868  0.00086657075   0.0032273073 -0.00024222927  0.00015859868 -0.00024222927 -0.00080482167
-0.00047211189  0.00070680364  0.00026018605  0.00070680364   0.0035784788  0.00016735295  0.00026018605  0.00016735295 -0.00081831099
-0.00068830024  0.00048771641 -0.00014823177  0.00048771641    0.003271392  8.6805483e-05 -0.00014823177  8.6805483e-05 -0.00060519167
 -0.0010527668  0.00019316405 -0.00019653944  0.00019316405   0.0037658629  5.4344965e-05 -0.00019653944  5.4344965e-05 -0.00061934265
-0.00059822812  0.00018407645 -7.2972475e-05  0.00018407645   0.0034413015  0.00016366771 -7.2972475e-05  0.00016366771 -0.00069009317
-0.00045377512  0.00044982425 -8.2694526e-05  0.00044982425   0.0028922624 -0.00014918624 -8.2694526e-05 -0.00014918624 -0.00063078703
-0.00081041191   0.0005152245 -0.00015585297   0.0005152245   0.0036698386  0.00036180153 -0.00015585297  0.00036180153 -0.00058187715
-0.00074296859  0.00072746313 -8.3365867e-05  0.00072746313    0.003431083  0.00019334238 -8.3365867e-05  0.00019334238 -0.00078575786
-0.00097218818  0.00011352118 -0.00017166947  0.00011352118   0.0036962236  9.7719814e-05 -0.00017166947  9.7719814e-05 -0.00079017132
-0.00063579038   0.0012373863  0.00016642728   0.0012373863   0.0032237982  0.00015004773  0.00016642728  0.00015004773 -0.00080326425
 -0.0011344424  0.00034472678  -0.0001399416  0.00034472678   0.0031926384  0.00012905622  -0.0001399416  0.00012905622 -0.00013803174
-0.00059952329  0.00071372037 -9.2051491e-05  0.00071372037   0.0034813266 -0.00037169691 -9.2051491e-05 -0.00037169691 -0.00080285967
-0.00063828445  0.00079633206 -3.7092326e-05  0.00079633206   0.0030074062 -0.00038989531 -3.7092326e-05 -0.00038989531 -0.00058387472
-0.00063301346  0.00043516531  4.5955123e-06  0.00043516531   0.0030763393 -0.00049980957  4.5955123e-06 -0.00049980957 -0.00045125138
-0.00037209723  0.00041813858 -0.00010830743  0.00041813858   0.0025229135 -0.00096853886 -0.00010830743 -0.00096853886 -0.00035973237
-0.00052140083  0.00032554099 -4.7879342e-05  0.00032554099   0.0030262387 -0.00062834818 -4.7879342e-05 -0.00062834818 -0.00072951563
-0.00080006007  0.00070228018  7.2481097e-05  0.00070228018   0.0030896001 -0.00036224564  7.2481097e-05 -0.00036224564 -0.00046245703
-0.00034878153   0.0005313914  2.2635777e-05   0.0005313914   0.0029001576 -0.00017312178  2.2635777e-05 -0.00017312178 -0.00045140052
-0.00053707138  0.00048226272 -2.7095364e-05  0.00048226272   0.0035296094 -1.5717446e-05 -2.7095364e-05 -1.5717446e-05 -0.00074936857
-0.00051253653  0.00074182415  0.00020024064  0.00074182415   0.0030039757   7.966186e-05  0.00020024064   7.966186e-05 -0.00079262296
-0.00090699353  0.00091878558 -7.7490827e-05  0.00091878558     0.00328739  0.00039486359 -7.7490827e-05  0.00039486359 -0.00046237651
-0.00043817705 -0.00033982945 -6.9569637e-07 -0.00033982945   0.0032067327  3.3130925e-05 -6.9569637e-07  3.3130925e-05 -0.00052193607
-0.00027690631  3.8722441e-05  4.3846862e-05  3.8722441e-05   0.0031317836  3.2068097e-07  4.3846862e-05  3.2068097e-07   -0.000703266
 -0.0007199731   0.0010122339  6.4951238e-05   0.0010122339    0.002822586 -0.00013286835  6.4951238e-05 -0.00013286835 -0.00060952046
-0.00056564056  0.00090266259   -5.85977e-06  0.00090266259   0.0028988298  6.3586894e-05   -5.85977e-06  6.3586894e-05 -0.00062747431
-0.00053401083  0.00046694546 -4.6375009e-05  0.00046694546   0.0031821088  0.00027691833 -4.6375009e-05  0.00027691833  -0.0009958013
-0.00071100507  0.00055336015  0.00025341873  0.00055336015   0.0033588007    0.000392125  0.00025341873    0.000392125  -0.0005755479
-0.00044927749  0.00029279338  -0.0001280655  0.00029279338   0.0029572822 -0.00045694834  -0.0001280655 -0.00045694834 -0.00049434254
-0.00036977013  0.00020217607 -0.00012603617  0.00020217607   0.0034335004 -6.3698462e-06 -0.00012603617 -6.3698462e-06 -0.00090458256
-0.00065637603  0.00089336642  2.0729282e-06  0.00089336642   0.0034425914 -0.00021281374  2.0729282e-06 -0.00021281374  -0.0009284987
-0.00070951306   0.0009521416  9.7084165e-05   0.0009521416   0.0036908397 -2.6451979e-05  9.7084165e-05 -2.6451979e-05  -0.0008787082
-0.00058051822   0.0005824632  0.00023890616   0.0005824632   0.0031629769  2.8453309e-05  0.00023890616  2.8453309e-05 -0.00062971285
-0.00090192303  0.00084786589 -1.0926813e-06  0.00084786589   0.0034703088  4.2018746e-05 -1.0926813e-06  4.2018746e-05 -0.00091016912
-0.00079359496    0.001207038  7.6476076e-05    0.001207038   0.0037474754 -0.00010596021  7.6476076e-05 -0.00010596021 -0.00099173375
-0.00054968098   0.0008392261  -6.278786e-06   0.0008392261   0.0036909319 -0.00044524519  -6.278786e-06 -0.00044524519 -0.00096781958
-0.00065478728  0.00057639513 -0.00015201056  0.00057639513   0.0035022753 -0.00040206941 -0.00015201056 -0.00040206941  -0.0008259314
-0.00092599268   0.0009854649  0.00032762601   0.0009854649   0.0033973989  0.00026938484  0.00032762601  0.00026938484  -0.0011293358
-0.00099076949  0.00056593752  -0.0001189594  0.00056593752   0.0040185871   4.767868e-05  -0.0001189594   4.767868e-05  -0.0010359979
 -0.0012462287   0.0011806492 -2.4312336e-05   0.0011806492   0.0041428871 -0.00025632438 -2.4312336e-05 -0.00025632438  -0.0011753864
 -0.0012251306    0.001072986 -3.4690906e-05    0.001072986   0.0040525874  0.00032321443 -3.4690906e-05  0.00032321443 -0.00059735591
 -0.0010271035  0.00070106286  8.8207674e-05  0.00070106286   0.0039257838 -0.00024678429  8.8207674e-05 -0.00024678429  -0.0010078782
 -0.0012136044  0.00078360742   0.0003172658  0.00078360742   0.0038896938 -0.00025273309   0.0003172658 -0.00025273309   -0.000896971
 -0.0013316407  0.00066557295 -5.8807704e-05  0.00066557295   0.0039185544 -0.00014138145 -5.8807704e-05 -0.00014138145 -0.00089884892
 -0.0014619011   0.0005135708  0.00017929228   0.0005135708    0.004348212 -1.9558787e-05  0.00017929228 -1.9558787e-05 -0.00076048318
-0.00069616732  0.00060090006 -3.3595446e-05  0.00060090006   0.0037121729  0.00011855998 -3.3595446e-05  0.00011855998  -0.0011159646
 -0.0010947509  0.00097595404   5.502998e-05  0.00097595404   0.0041860772  0.00017171107   5.502998e-05  0.00017171107  -0.0014660399
 -0.0010615429  0.00095288669  0.00010455673  0.00095288669   0.0040657237  0.00029106436  0.00010455673  0.00029106436  -0.0010049612
-0.00093694957   0.0011940202  0.00030997256   0.0011940202   0.0039244185  0.00018376162  0.00030997256  0.00018376162  -0.0013702728
 -0.0010114402  0.00096129982  5.5026645e-05  0.00096129982   0.0040450042 -5.5040549e-06  5.5026645e-05 -5.5040549e-06  -0.0012444452
-0.00039293539  0.00080518265  8.0131303e-06  0.00080518265   0.0032196465  5.5476261e-05  8.0131303e-06  5.5476261e-05  -0.0008578271
-0.00035218238  0.00092332064  0.00028860466  0.00092332064   0.0043343498 -4.3057077e-05  0.00028860466 -4.3057077e-05  -0.0015632674
-0.00024657127  0.00081396857  0.00025433817  0.00081396857    0.003475975  0.00028169095  0.00025433817  0.00028169095  -0.0010339545
 -0.0011388856   0.0007085772 -0.00039259976   0.0007085772   0.0039743738 -0.00012868899 -0.00039259976 -0.00012868899 -0.00066658424
 -0.0009368834  0.00075005344  2.4754108e-05  0.00075005344   0.0033452164 -0.00030786826  2.4754108e-05 -0.00030786826 -0.00067747334
-0.00055981823  0.00042578681  4.3201927e-05  0.00042578681   0.0033422753 -0.00013691387  4.3201927e-05 -0.00013691387  -0.0010510118
 -0.0012179568  0.00066031872 -0.00011871501  0.00066031872   0.0037530125 -0.00024835384 -0.00011871501 -0.00024835384 -0.00068660779
-0.00060745069  0.00076108782 -2.0287064e-05  0.00076108782    0.003008367  0.00032334756 -2.0287064e-05  0.00032334756 -0.00087055068
-0.00081982857  0.00075295369  6.5623787e-05  0.00075295369   0.0036345931 -0.00025087077  6.5623787e-05 -0.00025087077 -0.00084692397
-0.00040493513   0.0004989211 -4.7403436e-05   0.0004989211   0.0036512339   0.0001952829 -4.7403436e-05   0.0001952829  -0.0011814188
-0.00084867442  0.00080872491 -2.1525968e-05  0.00080872491   0.0035397728  -8.571767e-05 -2.1525968e-05  -8.571767e-05 -0.00084697082
 -0.0010727195   0.0006053062  0.00025286847   0.0006053062   0.0035269222 -0.00031884534  0.00025286847 -0.00031884534 -0.00088003609
-0.00072519974   0.0008319288  0.00014016498   0.0008319288   0.0034774947 -0.00021378315  0.00014016498 -0.00021378315 -0.00088097924
-0.00086293031   0.0009307221 -0.00014704604   0.0009307221   0.0034822898 -0.00048130952 -0.00014704604 -0.00048130952 -0.00069823661
 -0.0011573406  0.00061771791 -9.4676185e-05  0.00061771791   0.0042595748  2.7686339e-05 -9.4676185e-05  2.7686339e-05 -0.00099551546
-0.00045203144  0.00086342735 -0.00018089956  0.00086342735   0.0033172191 -0.00033166077 -0.00018089956 -0.00033166077 -0.00075423149
-0.00088104634  0.00075113448  -6.413572e-05  0.00075113448   0.0035638393 -0.00026686187  -6.413572e-05 -0.00026686187 -0.00074367252
-0.00079202947  0.00080314353  0.00026541393  0.00080314353   0.0037556344 -0.00025374311  0.00026541393 -0.00025374311  -0.0010380183
-0.00040636097   0.0006883099  2.0423908e-05   0.0006883099   0.0039789764  2.7646455e-05  2.0423908e-05  2.7646455e-05  -0.0013778084
-0.00061902126  0.00071841955  2.4145064e-05  0.00071841955   0.0031890213  -0.0002266339  2.4145064e-05  -0.0002266339 -0.00068315358
-0.00081022576  0.00050880606   8.187974e-05  0.00050880606    0.003841043 -0.00019812912   8.187974e-05 -0.00019812912  -0.0010345906
-0.00093072558  0.00070851837  0.00022425937  0.00070851837   0.0033109449 -0.00059830699  0.00022425937 -0.00059830699 -0.00071893731
 -0.0010333499   0.0011118209 -6.3681202e-05   0.0011118209   0.0035438858 -0.00010316793 -6.3681202e-05 -0.00010316793 -0.00064422303
-0.00071187814  0.00069343844  0.00014821026  0.00069343844   0.0035565811 -0.00013767893  0.00014821026 -0.00013767893  -0.0010413164
-0.00065527602  0.00071798581  2.9168626e-05  0.00071798581   0.0035323278 -0.00029672659  2.9168626e-05 -0.00029672659 -0.00071606479
 -0.0008515372  0.00070920417  0.00023257802  0.00070920417   0.0039778537  6.5025221e-05  0.00023257802  6.5025221e-05  -0.0012000659
 -0.0010223468  0.00071230003  0.00014800711  0.00071230003   0.0036512947 -0.00040003511  0.00014800711 -0.00040003511 -0.00086034014
-0.00072165167  0.00070160114  0.00016203839  0.00070160114   0.0035061295 -0.00020022136  0.00016203839 -0.00020022136 -0.00094900325
 -0.0011093358  0.00075725393  0.00021922969  0.00075725393   0.0034218123 -0.00016323928  0.00021922969 -0.00016323928  -0.0005167921
-0.00083615857  0.00093445027  6.2881893e-05  0.00093445027   0.0037206745  0.00031280604  6.2881893e-05  0.00031280604 -0.00090511457
 -0.0010244793   0.0011936359  6.9999688e-05   0.0011936359    0.003293671  0.00054879465  6.9999688e-05  0.00054879465 -0.00093684675
 -0.0010449038   0.0007499158   0.0001930566   0.0007499158   0.0039452211 -0.00037495228   0.0001930566 -0.00037495228 -0.00075184053
-0.00064810486  0.00088989968 -0.00018514796  0.00088989968   0.0031856163 -0.00035381234 -0.00018514796 -0.00035381234 -0.00083087605
-0.00062291067   0.0007844196 -0.00063847267   0.0007844196   0.0035847694 -0.00025760355 -0.00063847267 -0.00025760355 -0.00090568284
-0.00044017846   0.0009973284 -0.00044707321   0.0009973284   0.0034858812   0.0002263224 -0.00044707321   0.0002263224 -0.00080874805
-0.00078264109  0.00044130884  0.00014950497  0.00044130884   0.0032417435 -0.00022135731  0.00014950497 -0.00022135731 -0.00070645947
-0.00049103848   0.0006402338 -0.00018498058   0.0006402338   0.0031562012 -5.0423021e-05 -0.00018498058 -5.0423021e-05   -0.000761603
-0.00039055895    0.001030209   8.969858e-05    0.001030209   0.0036039021  7.5273476e-05   8.969858e-05  7.5273476e-05  -0.0010452608
-0.00096495928  0.00066076782  -0.0001408837  0.00066076782   0.0034163263  8.6654955e-05  -0.0001408837  8.6654955e-05 -0.00068423521
-0.00069227016   0.0007304022  -3.656913e-05   0.0007304022   0.0033319162 -1.8672809e-05  -3.656913e-05 -1.8672809e-05  -0.0007392419
 -0.0012005472   0.0010782621 -0.00012109383   0.0010782621   0.0040478408 -0.00031608653 -0.00012109383 -0.00031608653  -0.0009517113
 -0.0013551236  0.00096469544  4.7127348e-05  0.00096469544   0.0042987909  0.00015128073  4.7127348e-05  0.00015128073  -0.0011259124
-0.00075267202  0.00087747685  0.00018328337  0.00087747685   0.0033648877 -9.3173155e-05  0.00018328337 -9.3173155e-05 -0.00068881762
-0.00091151088  0.00084271172  9.4874733e-05  0.00084271172   0.0034671035  0.00017572311  9.4874733e-05  0.00017572311 -0.00095686857
-0.00066502017  0.00047332369  -8.443978e-06  0.00047332369   0.0034850302 -0.00016830737  -8.443978e-06 -0.00016830737 -0.00094708324
 -0.0010074516  0.00058247595  4.0275316e-05  0.00058247595   0.0041140921  0.00014996458  4.0275316e-05  0.00014996458  -0.0012979155
-0.00092722487   0.0010055908   0.0001165612   0.0010055908   0.0038114812  0.00017515513   0.0001165612  0.00017515513  -0.0010101002
-0.00054749273  0.00096059423  2.7111044e-05  0.00096059423   0.0030832079 -0.00026367082  2.7111044e-05 -0.00026367082 -0.00075301692
  -7.00691e-05  0.00070619495 -3.8534098e-05  0.00070619495   0.0033995684  0.00019209255 -3.8534098e-05  0.00019209255  -0.0013149984
 -0.0010092411  0.00038337229 -0.00017955059  0.00038337229   0.0043472655 -0.00015843128 -0.00017955059 -0.00015843128  -0.0010547404
-0.00050760677    0.001179648  0.00019394537    0.001179648   0.0039794017  0.00018895915  0.00019394537  0.00018895915  -0.0011852614
-0.00053617399  0.00016929329 -7.4499204e-05  0.00016929329   0.0034619434  -0.0001263785 -7.4499204e-05  -0.0001263785 -0.00096093224
 -0.0010425862   0.0010228051  0.00015976195   0.0010228051   0.0043958029  5.5107922e-05  0.00015976195  5.5107922e-05  -0.0010650178
